c: 3, weight: [0.,0.,0.,0.]
c: 1, weight: [-1.267, 2.818,-2.426,-1.886]
c: 36, weight: [-3.47 ,-3.176,-2.956,-2.736]
c: 5, weight: [-4.836,-2.992,-2.051,-1.156]
c: 2, weight: [-3.386, 0.614,-6.106,-2.752]
c: 4, weight: [-8.062,-5.049, 4.863,-3.087]
c: 3, weight: [-7.947,-1.827, 1.432,-5.932]
c: 6, weight: [ -7.82 ,-12.149,  5.144,  0.186]
c: 1, weight: [ -7.699,-11.925,  4.671,  1.156]
c: 1, weight: [-11.481, -9.041,  2.415,  1.314]
c: 10, weight: [-11.972, -6.196, -1.228, -1.787]
c: 2, weight: [-9.777,-1.645,-6.204,-4.512]
c: 3, weight: [-13.799, -9.949,  6.351, -6.022]
c: 14, weight: [-13.689, -7.975,  2.984, -6.675]
c: 4, weight: [-13.388, -7.801,  1.23 , -6.185]
c: 2, weight: [-13.055, -4.491, -3.278,-10.197]
c: 6, weight: [-12.454, -2.558, -6.567,-10.522]
c: 4, weight: [-16.465,-13.215, -2.428, -5.457]
c: 1, weight: [-17.06 ,-10.734, -5.296, -6.355]
c: 11, weight: [-16.005, -9.548, -7.937, -6.245]
c: 6, weight: [-14.516, -6.119,-11.968, -7.671]
c: 1, weight: [-14.568,-13.171, -9.913, -4.52 ]
c: 39, weight: [-15.579,-10.173,-11.08 , -6.138]
c: 7, weight: [-14.26 , -8.271,-14.391, -6.073]
c: 13, weight: [-15.782,-14.909, -8.642, -6.18 ]
c: 1, weight: [-14.815,-11.067,-13.573,-10.313]
c: 3, weight: [-16.348,-16.163, -6.895,-10.138]
c: 8, weight: [-15.785,-15.162, -9.168,-10.144]
c: 6, weight: [-16.114,-10.707,-13.74 , -9.155]
c: 3, weight: [-17.825,-15.485, -7.529, -8.757]
c: 4, weight: [-17.449,-16.308, -6.743, -8.012]
c: 2, weight: [-16.889,-16.619, -6.56 , -7.566]
c: 1, weight: [-16.89 ,-16.48 , -6.757, -7.558]
c: 28, weight: [-17.171,-13.407,-10.143,-10.473]
c: 4, weight: [-17.69 ,-10.144,-13.232, -9.488]
c: 1, weight: [-16.109, -9.275,-15.546, -8.664]
c: 2, weight: [-17.509,-11.191,-13.03 , -8.065]
c: 1, weight: [-16.489,-10.088,-15.33 , -7.471]
c: 1, weight: [-19.403,-19.559, -5.564, -8.073]
c: 12, weight: [-20.183,-16.327, -8.846,-11.174]
c: 25, weight: [-21.113,-12.53 ,-13.489,-10.878]
c: 4, weight: [-19.433, -8.323,-18.028,-13.271]
c: 2, weight: [-19.907,-12.673,-16.038,-12.519]
c: 1, weight: [-21.996,-13.157,-14.334,-10.776]
c: 27, weight: [-21.653,-13.033,-14.622,-10.629]
c: 9, weight: [-22.91 ,-14.506,-11.75 ,-10.183]
c: 2, weight: [-22.265, -9.9  ,-20.097, -7.473]
c: 4, weight: [-23.822,-19.781,-11.988, -8.553]
c: 4, weight: [-22.594,-15.75 ,-16.632,-12.466]
c: 15, weight: [-21.243,-14.69 ,-18.975,-12.066]
c: 11, weight: [-24.749,-27.257, -3.815,-12.818]
c: 13, weight: [-29.778,-22.286, -7.317,-12.581]
c: 14, weight: [-28.045,-18.332,-12.058,-15.082]
c: 10, weight: [-28.259,-19.015,-11.962,-13.886]
c: 10, weight: [-26.472,-14.235,-17.098,-17.122]
c: 1, weight: [-27.246,-16.112,-14.696,-15.99 ]
c: 5, weight: [-26.459,-25.678,-10.909, -8.487]
c: 6, weight: [-24.952,-23.718,-13.967, -8.609]
c: 12, weight: [-31.115,-15.009,-14.184,-12.244]
c: 20, weight: [-30.103,-14.107,-16.534,-11.816]
c: 16, weight: [-30.129,-14.28 ,-16.648,-10.597]
c: 31, weight: [-30.098,-15.332,-15.245, -9.823]
c: 16, weight: [-29.884,-16.027,-14.368, -9.526]
c: 21, weight: [-29.283,-15.028,-16.581, -9.429]
c: 11, weight: [-26.892,-10.471,-21.569,-12.328]
c: 37, weight: [-30.649,-18.763,-11.266,-11.947]
c: 2, weight: [-30.488,-12.3  ,-19.624,-10.425]
c: 14, weight: [-30.324,-15.659,-18.249, -9.069]
c: 11, weight: [-28.734,-13.447,-21.367, -9.186]
c: 12, weight: [-32.43 ,-27.124, -3.787,-11.804]
c: 1, weight: [-31.535,-22.351, -8.631,-17.395]
c: 81, weight: [-32.054,-19.087,-11.72 ,-16.41 ]
c: 32, weight: [-31.811,-17.614,-13.139,-16.995]
c: 1, weight: [-32.14 ,-13.159,-17.711,-16.006]
c: 1, weight: [-30.109,-11.307,-20.723,-16.003]
c: 37, weight: [-32.817,-18.133,-13.189,-15.413]
c: 10, weight: [-30.799,-16.335,-16.147,-15.203]
c: 13, weight: [-30.575,-16.857,-16.551,-14.002]
c: 4, weight: [-29.831,-20.629,-14.938,-12.426]
c: 10, weight: [-30.536,-15.131,-23.275, -9.555]
c: 12, weight: [-30.532,-14.502,-23.916, -8.797]
c: 10, weight: [-31.253,-21.26 ,-18.075, -8.173]
c: 28, weight: [-30.735,-21.002,-18.916, -7.212]
c: 73, weight: [-30.735,-21.002,-18.916, -7.212]
c: 2, weight: [-29.285,-17.395,-22.972, -8.808]
c: 4, weight: [-33.961,-23.058,-12.003, -9.143]
c: 9, weight: [-33.846,-19.837,-15.433,-11.989]
c: 12, weight: [-33.724,-19.613,-15.906,-11.018]
c: 7, weight: [-31.53 ,-15.063,-20.882,-13.744]
c: 12, weight: [-35.35 ,-28.118, -3.924,-16.049]
c: 4, weight: [-35.049,-27.944, -5.678,-15.56 ]
c: 2, weight: [-34.716,-24.633,-10.186,-19.572]
c: 11, weight: [-34.116,-22.701,-13.475,-19.896]
c: 11, weight: [-33.061,-21.515,-16.116,-19.786]
c: 10, weight: [-31.571,-18.086,-20.147,-21.212]
c: 2, weight: [-31.979,-17.544,-20.674,-20.553]
c: 10, weight: [-29.28 ,-29.742,-21.351,-12.005]
c: 24, weight: [-35.48 ,-21.062,-21.342,-15.708]
c: 9, weight: [-34.162,-19.16 ,-24.653,-15.643]
c: 7, weight: [-34.335,-20.342,-23.271,-14.909]
c: 25, weight: [-35.938,-20.731,-21.651,-12.999]
c: 4, weight: [-35.562,-21.554,-20.866,-12.253]
c: 31, weight: [-35.002,-21.865,-20.683,-11.807]
c: 4, weight: [-35.522,-18.601,-23.772,-10.822]
c: 3, weight: [-33.941,-17.732,-26.086, -9.998]
c: 1, weight: [-32.921,-16.629,-28.386, -9.404]
c: 26, weight: [-35.835,-26.1  ,-18.619,-10.006]
c: 12, weight: [-35.769,-23.609,-21.559,-10.628]
c: 7, weight: [-34.089,-19.402,-26.099,-13.021]
c: 13, weight: [-33.746,-19.278,-26.386,-12.874]
c: 23, weight: [-36.976,-26.492,-14.743,-13.82 ]
c: 10, weight: [-36.331,-21.885,-23.09 ,-11.111]
c: 73, weight: [-34.98 ,-20.826,-25.434,-10.711]
c: 6, weight: [-35.754,-22.703,-23.032, -9.579]
c: 38, weight: [-34.247,-20.743,-26.09 , -9.701]
c: 6, weight: [-34.272,-20.917,-26.203, -8.481]
c: 10, weight: [-35.834,-23.129,-21.944, -8.202]
c: 28, weight: [-35.804,-24.18 ,-20.542, -7.428]
c: 2, weight: [-35.066,-19.328,-25.34 ,-13.094]
c: 1, weight: [-37.603,-26.287,-16.535,-11.565]
c: 16, weight: [-37.389,-26.982,-15.658,-11.268]
c: 12, weight: [-36.789,-25.983,-17.87 ,-11.171]
c: 9, weight: [-36.28 ,-25.505,-19.851,-10.594]
c: 32, weight: [-33.889,-20.948,-24.84 ,-13.492]
c: 2, weight: [-36.975,-27.584,-14.299,-14.384]
c: 14, weight: [-38.094,-24.249,-15.645,-16.342]
c: 16, weight: [-37.933,-17.786,-24.002,-14.82 ]
c: 11, weight: [-36.343,-15.574,-27.12 ,-14.937]
c: 12, weight: [-40.039,-29.252, -9.541,-17.555]
c: 1, weight: [-39.144,-24.478,-14.384,-23.146]
c: 81, weight: [-39.663,-21.215,-17.473,-22.161]
c: 7, weight: [-39.419,-19.742,-18.893,-22.747]
c: 25, weight: [-40.079,-22.968,-15.087,-21.563]
c: 1, weight: [-40.408,-18.512,-19.659,-20.574]
c: 38, weight: [-38.377,-16.66 ,-22.671,-20.571]
c: 2, weight: [-36.36 ,-14.862,-25.629,-20.361]
c: 35, weight: [-34.932,-26.742,-26.045,-13.364]
c: 11, weight: [-34.928,-26.113,-26.686,-12.605]
c: 6, weight: [-33.708,-24.015,-29.882,-12.477]
c: 5, weight: [-36.098,-24.799,-26.867,-11.715]
c: 23, weight: [-35.58 ,-24.54 ,-27.708,-10.754]
c: 4, weight: [-38.419,-31.17 ,-17.223,-11.175]
c: 1, weight: [-38.146,-26.293,-22.143,-16.995]
c: 46, weight: [-38.146,-26.293,-22.143,-16.995]
c: 3, weight: [-36.696,-22.686,-26.198,-18.591]
c: 4, weight: [-34.048,-32.824,-24.867,-13.121]
c: 7, weight: [-36.636,-28.958,-25.201,-14.4  ]
c: 1, weight: [-37.294,-31.76 ,-21.49 ,-13.403]
c: 12, weight: [-37.172,-31.537,-21.963,-12.433]
c: 47, weight: [-34.978,-26.986,-26.939,-15.158]
c: 15, weight: [-33.489,-23.557,-30.97 ,-16.584]
c: 7, weight: [-38.122,-36.308,-14.253,-19.801]
c: 24, weight: [-44.323,-27.628,-14.244,-23.504]
c: 9, weight: [-43.004,-25.726,-17.555,-23.439]
c: 15, weight: [-43.177,-26.908,-16.173,-22.705]
c: 8, weight: [-42.615,-25.906,-18.446,-22.711]
c: 9, weight: [-42.944,-21.451,-23.018,-21.722]
c: 4, weight: [-42.568,-22.275,-22.232,-20.977]
c: 31, weight: [-42.008,-22.585,-22.049,-20.531]
c: 4, weight: [-42.528,-19.322,-25.139,-19.546]
c: 3, weight: [-40.947,-18.453,-27.453,-18.722]
c: 6, weight: [-39.928,-17.35 ,-29.753,-18.128]
c: 8, weight: [-43.07 ,-30.386,-14.075,-18.789]
c: 13, weight: [-44.   ,-26.589,-18.718,-18.494]
c: 12, weight: [-43.933,-24.098,-21.658,-19.115]
c: 7, weight: [-42.254,-19.891,-26.198,-21.508]
c: 13, weight: [-41.91 ,-19.767,-26.485,-21.362]
c: 23, weight: [-45.141,-26.98 ,-14.842,-22.308]
c: 10, weight: [-44.496,-22.374,-23.189,-19.598]
c: 53, weight: [-43.144,-21.314,-25.533,-19.198]
c: 20, weight: [-43.358,-21.997,-25.436,-18.001]
c: 1, weight: [-44.133,-23.874,-23.034,-16.87 ]
c: 5, weight: [-43.346,-33.44 ,-19.247, -9.366]
c: 8, weight: [-41.838,-31.481,-22.306, -9.489]
c: 10, weight: [-43.867,-27.634,-22.94 ,-10.664]
c: 20, weight: [-42.855,-26.732,-25.291,-10.236]
c: 16, weight: [-42.88 ,-26.906,-25.404, -9.017]
c: 28, weight: [-42.85 ,-27.957,-24.002, -8.243]
c: 2, weight: [-42.112,-23.104,-28.8  ,-13.909]
c: 1, weight: [-44.65 ,-30.063,-19.995,-12.38 ]
c: 16, weight: [-44.435,-30.759,-19.118,-12.083]
c: 12, weight: [-43.835,-29.759,-21.33 ,-11.986]
c: 9, weight: [-43.327,-29.281,-23.311,-11.409]
c: 64, weight: [-40.935,-24.725,-28.299,-14.308]
c: 11, weight: [-39.345,-22.513,-31.418,-14.425]
c: 12, weight: [-43.041,-36.191,-13.838,-17.043]
c: 1, weight: [-42.146,-31.417,-18.681,-22.634]
c: 81, weight: [-42.665,-28.153,-21.771,-21.649]
c: 7, weight: [-42.421,-26.68 ,-23.19 ,-22.234]
c: 25, weight: [-43.081,-29.906,-19.384,-21.051]
c: 1, weight: [-43.41 ,-25.451,-23.956,-20.062]
c: 38, weight: [-41.379,-23.599,-26.968,-20.059]
c: 10, weight: [-39.362,-21.801,-29.926,-19.849]
c: 13, weight: [-39.137,-22.322,-30.33 ,-18.647]
c: 14, weight: [-38.393,-26.094,-28.717,-17.072]
c: 11, weight: [-38.389,-25.465,-29.358,-16.314]
c: 1, weight: [-37.169,-23.367,-32.554,-16.185]
c: 10, weight: [-37.89 ,-30.126,-26.713,-15.562]
c: 28, weight: [-37.372,-29.867,-27.554,-14.6  ]
c: 68, weight: [-37.372,-29.867,-27.554,-14.6  ]
c: 5, weight: [-38.738,-29.683,-26.648,-13.02 ]
c: 2, weight: [-37.288,-26.076,-30.704,-14.616]
c: 13, weight: [-41.964,-31.74 ,-19.735,-14.951]
c: 12, weight: [-41.843,-31.516,-20.208,-13.981]
c: 36, weight: [-39.649,-26.966,-25.184,-16.706]
c: 7, weight: [-38.594,-25.78 ,-27.825,-16.596]
c: 4, weight: [-40.6  ,-32.499,-18.809,-16.496]
c: 46, weight: [-39.111,-29.07 ,-22.84 ,-17.922]
c: 9, weight: [-37.792,-27.169,-26.151,-17.857]
c: 7, weight: [-37.965,-28.35 ,-24.769,-17.123]
c: 16, weight: [-39.568,-28.739,-23.149,-15.213]
c: 9, weight: [-39.897,-24.284,-27.721,-14.224]
c: 4, weight: [-39.521,-25.108,-26.936,-13.479]
c: 35, weight: [-38.962,-25.418,-26.753,-13.032]
c: 3, weight: [-37.381,-24.549,-29.066,-12.208]
c: 6, weight: [-36.361,-23.446,-31.366,-11.614]
c: 3, weight: [-39.504,-36.483,-15.689,-12.276]
c: 18, weight: [-46.546,-27.283,-15.43 ,-16.959]
c: 12, weight: [-46.479,-24.791,-18.37 ,-17.58 ]
c: 7, weight: [-44.8  ,-20.584,-22.91 ,-19.973]
c: 6, weight: [-44.456,-20.46 ,-23.197,-19.827]
c: 40, weight: [-43.751,-20.288,-24.983,-19.466]
c: 15, weight: [-42.399,-19.229,-27.327,-19.066]
c: 24, weight: [-45.905,-31.796,-12.166,-19.818]
c: 24, weight: [-44.172,-27.841,-16.907,-22.32 ]
c: 10, weight: [-42.385,-23.061,-22.043,-25.556]
c: 1, weight: [-43.159,-24.938,-19.641,-24.424]
c: 5, weight: [-42.373,-34.504,-15.854,-16.921]
c: 8, weight: [-40.865,-32.545,-18.913,-17.043]
c: 10, weight: [-42.893,-28.698,-19.547,-18.218]
c: 20, weight: [-41.882,-27.796,-21.898,-17.791]
c: 16, weight: [-41.907,-27.97 ,-22.011,-16.571]
c: 31, weight: [-41.877,-29.021,-20.609,-15.797]
c: 16, weight: [-41.662,-29.716,-19.732,-15.501]
c: 12, weight: [-41.062,-28.717,-21.944,-15.403]
c: 9, weight: [-40.554,-28.239,-23.925,-14.826]
c: 32, weight: [-38.162,-23.682,-28.913,-17.725]
c: 16, weight: [-41.249,-30.318,-18.373,-18.617]
c: 16, weight: [-41.088,-23.856,-26.73 ,-17.095]
c: 11, weight: [-39.497,-21.644,-29.849,-17.212]
c: 12, weight: [-43.193,-35.322,-12.269,-19.831]
c: 1, weight: [-42.298,-30.548,-17.112,-25.421]
c: 81, weight: [-42.818,-27.285,-20.202,-24.437]
c: 7, weight: [-42.574,-25.811,-21.621,-25.022]
c: 25, weight: [-43.234,-29.037,-17.815,-23.838]
c: 1, weight: [-43.563,-24.582,-22.387,-22.849]
c: 38, weight: [-41.532,-22.73 ,-25.399,-22.846]
c: 10, weight: [-39.514,-20.932,-28.357,-22.637]
c: 13, weight: [-39.29 ,-21.453,-28.761,-21.435]
c: 14, weight: [-38.546,-25.226,-27.148,-19.859]
c: 11, weight: [-38.542,-24.597,-27.789,-19.101]
c: 1, weight: [-37.322,-22.498,-30.984,-18.973]
c: 10, weight: [-38.043,-29.257,-25.144,-18.349]
c: 28, weight: [-37.525,-28.998,-25.984,-17.388]
c: 68, weight: [-37.525,-28.998,-25.984,-17.388]
c: 5, weight: [-38.891,-28.814,-25.079,-15.807]
c: 14, weight: [-37.44 ,-25.207,-29.135,-17.404]
c: 1, weight: [-38.098,-28.009,-25.423,-16.407]
c: 12, weight: [-37.977,-27.786,-25.897,-15.436]
c: 2, weight: [-35.783,-23.235,-30.873,-18.162]
c: 23, weight: [-39.804,-31.539,-18.318,-19.672]
c: 11, weight: [-39.204,-29.607,-21.606,-19.996]
c: 11, weight: [-38.149,-28.421,-24.247,-19.885]
c: 46, weight: [-36.659,-24.992,-28.278,-21.311]
c: 9, weight: [-35.341,-23.09 ,-31.589,-21.246]
c: 5, weight: [-35.514,-24.272,-30.208,-20.513]
c: 10, weight: [-40.247,-30.451,-18.82 ,-21.587]
c: 8, weight: [-39.685,-29.449,-21.092,-21.593]
c: 9, weight: [-40.014,-24.994,-25.664,-20.604]
c: 4, weight: [-39.637,-25.818,-24.879,-19.859]
c: 31, weight: [-39.078,-26.128,-24.696,-19.412]
c: 4, weight: [-39.598,-22.865,-27.785,-18.427]
c: 3, weight: [-38.017,-21.996,-30.099,-17.603]
c: 1, weight: [-36.997,-20.893,-32.399,-17.009]
c: 26, weight: [-39.911,-30.364,-22.632,-17.611]
c: 12, weight: [-39.845,-27.873,-25.572,-18.233]
c: 7, weight: [-38.165,-23.666,-30.112,-20.626]
c: 13, weight: [-37.821,-23.542,-30.399,-20.48 ]
c: 23, weight: [-41.052,-30.755,-18.756,-21.426]
c: 10, weight: [-40.407,-26.149,-27.103,-18.716]
c: 73, weight: [-39.055,-25.089,-29.447,-18.316]
c: 1, weight: [-39.83 ,-26.966,-27.044,-17.184]
c: 5, weight: [-39.043,-36.533,-23.258, -9.681]
c: 6, weight: [-37.535,-34.573,-26.316, -9.803]
c: 12, weight: [-43.699,-25.863,-26.532,-13.437]
c: 20, weight: [-42.687,-24.961,-28.883,-13.01 ]
c: 6, weight: [-42.712,-25.135,-28.996,-11.791]
c: 10, weight: [-44.274,-27.347,-24.737,-11.511]
c: 31, weight: [-44.244,-28.398,-23.335,-10.737]
c: 16, weight: [-44.03 ,-29.094,-22.458,-10.441]
c: 21, weight: [-43.429,-28.094,-24.67 ,-10.343]
c: 32, weight: [-41.038,-23.538,-29.659,-13.242]
c: 16, weight: [-44.124,-30.174,-19.119,-14.134]
c: 16, weight: [-43.963,-23.711,-27.476,-12.612]
c: 11, weight: [-42.373,-21.499,-30.594,-12.729]
c: 12, weight: [-46.069,-35.177,-13.015,-15.347]
c: 1, weight: [-45.174,-30.403,-17.858,-20.938]
c: 81, weight: [-45.693,-27.14 ,-20.947,-19.953]
c: 32, weight: [-45.449,-25.667,-22.366,-20.539]
c: 1, weight: [-45.778,-21.212,-26.938,-19.55 ]
c: 4, weight: [-43.747,-19.36 ,-29.95 ,-19.547]
c: 34, weight: [-46.009,-24.102,-23.601,-19.435]
c: 10, weight: [-43.991,-22.304,-26.56 ,-19.225]
c: 13, weight: [-43.767,-22.826,-26.963,-18.024]
c: 14, weight: [-43.023,-26.598,-25.35 ,-16.448]
c: 11, weight: [-43.019,-25.969,-25.992,-15.69 ]
c: 7, weight: [-41.799,-23.871,-29.187,-15.562]
c: 4, weight: [-41.012,-33.437,-25.4  , -8.058]
c: 25, weight: [-40.494,-33.178,-26.241, -7.097]
c: 3, weight: [-46.831,-23.894,-26.227,-13.882]
c: 48, weight: [-46.831,-23.894,-26.227,-13.882]
c: 3, weight: [-45.38 ,-20.287,-30.283,-15.478]
c: 11, weight: [-42.733,-30.424,-28.952,-10.007]
c: 1, weight: [-43.39 ,-33.226,-25.24 , -9.01 ]
c: 12, weight: [-43.269,-33.003,-25.713, -8.04 ]
c: 34, weight: [-41.075,-28.452,-30.689,-10.765]
c: 2, weight: [-44.433,-35.693,-19.247,-11.336]
c: 11, weight: [-43.378,-34.507,-21.889,-11.226]
c: 7, weight: [-41.888,-31.078,-25.919,-12.652]
c: 39, weight: [-42.899,-28.08 ,-27.086,-14.27 ]
c: 9, weight: [-41.581,-26.178,-30.397,-14.205]
c: 32, weight: [-41.754,-27.36 ,-29.015,-13.472]
c: 4, weight: [-41.378,-28.183,-28.23 ,-12.727]
c: 35, weight: [-40.818,-28.494,-28.047,-12.28 ]
c: 3, weight: [-39.237,-27.625,-30.36 ,-11.456]
c: 6, weight: [-38.218,-26.522,-32.66 ,-10.862]
c: 3, weight: [-41.36 ,-39.558,-16.983,-11.524]
c: 18, weight: [-48.402,-30.358,-16.724,-16.207]
c: 12, weight: [-48.336,-27.867,-19.664,-16.828]
c: 7, weight: [-46.656,-23.66 ,-24.204,-19.221]
c: 46, weight: [-46.313,-23.536,-24.491,-19.075]
c: 73, weight: [-44.961,-22.476,-26.835,-18.675]
c: 1, weight: [-45.736,-24.353,-24.432,-17.543]
c: 5, weight: [-44.949,-33.919,-20.646,-10.04 ]
c: 8, weight: [-43.441,-31.96 ,-23.704,-10.162]
c: 10, weight: [-45.469,-28.113,-24.338,-11.337]
c: 20, weight: [-44.458,-27.211,-26.689,-10.91 ]
c: 16, weight: [-44.483,-27.385,-26.802, -9.69 ]
c: 31, weight: [-44.453,-28.436,-25.4  , -8.916]
c: 16, weight: [-44.239,-29.131,-24.523, -8.62 ]
c: 21, weight: [-43.638,-28.132,-26.736, -8.523]
c: 21, weight: [-41.246,-23.575,-31.724,-11.421]
c: 27, weight: [-44.852,-29.549,-21.633,-12.25 ]
c: 16, weight: [-44.691,-23.087,-29.99 ,-10.728]
c: 11, weight: [-43.1  ,-20.875,-33.108,-10.845]
c: 12, weight: [-46.796,-34.553,-15.529,-13.463]
c: 1, weight: [-45.901,-29.779,-20.372,-19.054]
c: 81, weight: [-46.421,-26.516,-23.461,-18.069]
c: 7, weight: [-46.177,-25.042,-24.881,-18.655]
c: 25, weight: [-46.837,-28.268,-21.075,-17.471]
c: 1, weight: [-47.166,-23.813,-25.647,-16.482]
c: 38, weight: [-45.135,-21.961,-28.659,-16.479]
c: 10, weight: [-43.117,-20.163,-31.617,-16.269]
c: 13, weight: [-42.893,-20.684,-32.021,-15.068]
c: 14, weight: [-42.149,-24.457,-30.408,-13.492]
c: 11, weight: [-42.145,-23.828,-31.049,-12.734]
c: 1, weight: [-40.925,-21.729,-34.244,-12.606]
c: 10, weight: [-41.645,-28.488,-28.403,-11.982]
c: 28, weight: [-41.127,-28.229,-29.244,-11.021]
c: 73, weight: [-41.127,-28.229,-29.244,-11.021]
c: 2, weight: [-39.677,-24.622,-33.3  ,-12.617]
c: 13, weight: [-44.354,-30.286,-22.331,-12.952]
c: 12, weight: [-44.233,-30.062,-22.804,-11.982]
c: 36, weight: [-42.038,-25.512,-27.78 ,-14.707]
c: 7, weight: [-40.983,-24.326,-30.421,-14.597]
c: 4, weight: [-42.99 ,-31.045,-21.405,-14.497]
c: 46, weight: [-41.5  ,-27.617,-25.436,-15.923]
c: 9, weight: [-40.182,-25.715,-28.747,-15.858]
c: 32, weight: [-40.355,-26.897,-27.365,-15.124]
c: 4, weight: [-39.978,-27.72 ,-26.58 ,-14.379]
c: 31, weight: [-39.419,-28.031,-26.397,-13.932]
c: 4, weight: [-39.938,-24.767,-29.486,-12.947]
c: 9, weight: [-38.357,-23.898,-31.8  ,-12.123]
c: 8, weight: [-41.5  ,-36.935,-16.123,-12.785]
c: 13, weight: [-42.429,-33.138,-20.766,-12.489]
c: 12, weight: [-42.363,-30.646,-23.706,-13.111]
c: 7, weight: [-40.683,-26.439,-28.246,-15.504]
c: 46, weight: [-40.34 ,-26.315,-28.533,-15.357]
c: 15, weight: [-38.988,-25.256,-30.877,-14.957]
c: 24, weight: [-42.494,-37.822,-15.716,-15.71 ]
c: 24, weight: [-40.761,-33.868,-20.457,-18.211]
c: 10, weight: [-38.974,-29.088,-25.593,-21.447]
c: 6, weight: [-39.748,-30.965,-23.191,-20.316]
c: 18, weight: [-38.241,-29.005,-26.25 ,-20.438]
c: 20, weight: [-37.229,-28.103,-28.6  ,-20.011]
c: 6, weight: [-37.254,-28.277,-28.714,-18.791]
c: 10, weight: [-38.816,-30.489,-24.454,-18.511]
c: 31, weight: [-38.786,-31.54 ,-23.052,-17.738]
c: 16, weight: [-38.572,-32.235,-22.175,-17.441]
c: 21, weight: [-37.971,-31.236,-24.388,-17.344]
c: 32, weight: [-35.58 ,-26.679,-29.376,-20.242]
c: 2, weight: [-38.666,-33.316,-18.836,-21.134]
c: 14, weight: [-39.785,-29.98 ,-20.181,-23.091]
c: 16, weight: [-39.624,-23.518,-28.539,-21.57 ]
c: 11, weight: [-38.033,-21.305,-31.657,-21.687]
c: 12, weight: [-41.73 ,-34.983,-14.077,-24.305]
c: 1, weight: [-40.834,-30.21 ,-18.921,-29.896]
c: 81, weight: [-41.354,-26.946,-22.01 ,-28.911]
c: 7, weight: [-41.11 ,-25.473,-23.429,-29.497]
c: 25, weight: [-41.77 ,-28.699,-19.623,-28.313]
c: 1, weight: [-42.099,-24.244,-24.195,-27.324]
c: 29, weight: [-40.068,-22.392,-27.207,-27.321]
c: 9, weight: [-42.189,-22.448,-25.258,-25.968]
c: 10, weight: [-40.172,-20.649,-28.216,-25.758]
c: 13, weight: [-39.947,-21.171,-28.62 ,-24.557]
c: 14, weight: [-39.203,-24.943,-27.007,-22.981]
c: 11, weight: [-39.199,-24.314,-27.648,-22.223]
c: 1, weight: [-37.979,-22.216,-30.844,-22.095]
c: 6, weight: [-38.7  ,-28.974,-25.003,-21.471]
c: 4, weight: [-37.913,-38.541,-21.216,-13.967]
c: 6, weight: [-37.395,-38.282,-22.057,-13.006]
c: 22, weight: [-38.789,-35.968,-22.502,-14.497]
c: 33, weight: [-38.789,-35.968,-22.502,-14.497]
c: 34, weight: [-40.842,-32.13 ,-23.298,-15.711]
c: 14, weight: [-39.392,-28.523,-27.353,-17.307]
c: 1, weight: [-40.05 ,-31.325,-23.642,-16.31 ]
c: 12, weight: [-39.929,-31.102,-24.115,-15.34 ]
c: 34, weight: [-37.734,-26.551,-29.091,-18.065]
c: 2, weight: [-41.093,-33.792,-17.649,-18.636]
c: 11, weight: [-40.037,-32.606,-20.29 ,-18.526]
c: 10, weight: [-38.548,-29.177,-24.321,-19.952]
c: 36, weight: [-38.956,-28.635,-24.848,-19.293]
c: 9, weight: [-37.638,-26.733,-28.16 ,-19.228]
c: 7, weight: [-37.81 ,-27.915,-26.778,-18.494]
c: 16, weight: [-39.413,-28.304,-25.158,-16.584]
c: 6, weight: [-39.743,-23.849,-29.73 ,-15.595]
c: 3, weight: [-41.453,-28.627,-23.519,-15.198]
c: 4, weight: [-41.077,-29.45 ,-22.733,-14.453]
c: 31, weight: [-40.517,-29.761,-22.55 ,-14.006]
c: 4, weight: [-41.037,-26.497,-25.64 ,-13.021]
c: 3, weight: [-39.456,-25.628,-27.953,-12.197]
c: 6, weight: [-38.436,-24.526,-30.253,-11.603]
c: 8, weight: [-41.579,-37.562,-14.576,-12.265]
c: 13, weight: [-42.508,-33.765,-19.219,-11.969]
c: 12, weight: [-42.442,-31.274,-22.159,-12.591]
c: 7, weight: [-40.762,-27.067,-26.699,-14.984]
c: 12, weight: [-40.419,-26.943,-26.986,-14.837]
c: 34, weight: [-40.536,-26.338,-27.372,-14.896]
c: 73, weight: [-39.184,-25.279,-29.716,-14.496]
c: 6, weight: [-39.959,-27.156,-27.314,-13.364]
c: 38, weight: [-38.451,-25.196,-30.372,-13.487]
c: 6, weight: [-38.477,-25.37 ,-30.485,-12.267]
c: 10, weight: [-40.039,-27.582,-26.226,-11.987]
c: 31, weight: [-40.008,-28.633,-24.824,-11.214]
c: 16, weight: [-39.794,-29.328,-23.947,-10.917]
c: 21, weight: [-39.194,-28.329,-26.159,-10.82 ]
c: 21, weight: [-36.802,-23.773,-31.148,-13.718]
c: 27, weight: [-40.407,-29.747,-21.056,-14.547]
c: 16, weight: [-40.246,-23.284,-29.414,-13.025]
c: 11, weight: [-38.656,-21.072,-32.532,-13.142]
c: 12, weight: [-42.352,-34.75 ,-14.953,-15.761]
c: 1, weight: [-41.457,-29.976,-19.796,-21.351]
c: 81, weight: [-41.976,-26.713,-22.885,-20.367]
c: 7, weight: [-41.732,-25.24 ,-24.304,-20.952]
c: 25, weight: [-42.392,-28.466,-20.499,-19.768]
c: 1, weight: [-42.722,-24.01 ,-25.07 ,-18.78 ]
c: 38, weight: [-40.691,-22.158,-28.082,-18.777]
c: 10, weight: [-38.673,-20.36 ,-31.041,-18.567]
c: 13, weight: [-38.448,-20.882,-31.444,-17.365]
c: 14, weight: [-37.704,-24.654,-29.831,-15.79 ]
c: 11, weight: [-37.7  ,-24.025,-30.473,-15.031]
c: 1, weight: [-36.48 ,-21.927,-33.668,-14.903]
c: 10, weight: [-37.201,-28.685,-27.827,-14.279]
c: 23, weight: [-36.683,-28.426,-28.668,-13.318]
c: 4, weight: [-39.522,-35.056,-18.183,-13.739]
c: 1, weight: [-39.249,-30.179,-23.103,-19.559]
c: 41, weight: [-39.249,-30.179,-23.103,-19.559]
c: 5, weight: [-40.615,-29.995,-22.197,-17.978]
c: 14, weight: [-39.165,-26.388,-26.253,-19.575]
c: 1, weight: [-39.822,-29.19 ,-22.541,-18.578]
c: 12, weight: [-39.701,-28.966,-23.015,-17.607]
c: 34, weight: [-37.507,-24.416,-27.991,-20.333]
c: 2, weight: [-40.865,-31.657,-16.549,-20.904]
c: 11, weight: [-39.81 ,-30.471,-19.19 ,-20.794]
c: 10, weight: [-38.32 ,-27.042,-23.221,-22.219]
c: 36, weight: [-38.728,-26.5  ,-23.748,-21.561]
c: 9, weight: [-37.41 ,-24.598,-27.059,-21.496]
c: 7, weight: [-37.583,-25.78 ,-25.677,-20.762]
c: 16, weight: [-39.186,-26.169,-24.057,-18.852]
c: 6, weight: [-39.515,-21.714,-28.629,-17.863]
c: 3, weight: [-41.225,-26.492,-22.418,-17.466]
c: 4, weight: [-40.849,-27.315,-21.633,-16.72 ]
c: 31, weight: [-40.29 ,-27.626,-21.45 ,-16.274]
c: 4, weight: [-40.809,-24.362,-24.539,-15.289]
c: 3, weight: [-39.228,-23.493,-26.853,-14.465]
c: 6, weight: [-38.209,-22.39 ,-29.153,-13.871]
c: 2, weight: [-41.351,-35.427,-13.476,-14.533]
c: 19, weight: [-43.077,-30.957,-21.698,-12.725]
c: 12, weight: [-43.011,-28.466,-24.638,-13.347]
c: 7, weight: [-41.331,-24.259,-29.177,-15.74 ]
c: 13, weight: [-40.987,-24.135,-29.465,-15.593]
c: 23, weight: [-44.218,-31.348,-17.821,-16.54 ]
c: 10, weight: [-43.573,-26.742,-26.168,-13.83 ]
c: 39, weight: [-42.221,-25.683,-28.512,-13.43 ]
c: 17, weight: [-40.488,-21.728,-33.253,-15.931]
c: 7, weight: [-41.885,-31.398,-23.788,-16.28 ]
c: 10, weight: [-40.098,-26.618,-28.924,-19.516]
c: 6, weight: [-40.872,-28.495,-26.522,-18.384]
c: 18, weight: [-39.364,-26.535,-29.58 ,-18.507]
c: 20, weight: [-38.353,-25.633,-31.931,-18.08 ]
c: 6, weight: [-38.378,-25.807,-32.044,-16.86 ]
c: 10, weight: [-39.94 ,-28.019,-27.785,-16.58 ]
c: 31, weight: [-39.91 ,-29.07 ,-26.383,-15.806]
c: 37, weight: [-39.696,-29.765,-25.506,-15.51 ]
c: 21, weight: [-37.304,-25.209,-30.495,-18.409]
c: 27, weight: [-40.909,-31.183,-20.403,-19.237]
c: 16, weight: [-40.748,-24.72 ,-28.76 ,-17.715]
c: 11, weight: [-39.158,-22.508,-31.879,-17.833]
c: 12, weight: [-42.854,-36.186,-14.299,-20.451]
c: 1, weight: [-41.959,-31.412,-19.142,-26.042]
c: 81, weight: [-42.478,-28.149,-22.232,-25.057]
c: 7, weight: [-42.234,-26.676,-23.651,-25.642]
c: 25, weight: [-42.894,-29.902,-19.845,-24.459]
c: 1, weight: [-43.224,-25.447,-24.417,-23.47 ]
c: 38, weight: [-41.193,-23.595,-27.429,-23.467]
c: 10, weight: [-39.175,-21.796,-30.387,-23.257]
c: 13, weight: [-38.951,-22.318,-30.791,-22.055]
c: 14, weight: [-38.206,-26.09 ,-29.178,-20.48 ]
c: 11, weight: [-38.202,-25.461,-29.819,-19.722]
c: 1, weight: [-36.982,-23.363,-33.015,-19.593]
c: 10, weight: [-37.703,-30.121,-27.174,-18.969]
c: 50, weight: [-37.703,-30.121,-27.174,-18.969]
c: 5, weight: [-39.069,-29.937,-26.268,-17.389]
c: 2, weight: [-37.619,-26.33 ,-30.324,-18.985]
c: 13, weight: [-42.295,-31.994,-19.355,-19.32 ]
c: 12, weight: [-42.174,-31.771,-19.828,-18.35 ]
c: 36, weight: [-39.98 ,-27.22 ,-24.804,-21.075]
c: 11, weight: [-38.925,-26.035,-27.445,-20.965]
c: 18, weight: [-37.435,-22.606,-31.476,-22.391]
c: 28, weight: [-42.291,-28.509,-20.495,-23.213]
c: 9, weight: [-40.972,-26.608,-23.806,-23.148]
c: 7, weight: [-41.145,-27.789,-22.424,-22.414]
c: 8, weight: [-42.748,-28.178,-20.804,-20.504]
c: 8, weight: [-42.186,-27.177,-23.076,-20.51 ]
c: 9, weight: [-42.515,-22.722,-27.648,-19.521]
c: 4, weight: [-42.139,-23.545,-26.863,-18.776]
c: 35, weight: [-41.579,-23.856,-26.68 ,-18.329]
c: 3, weight: [-39.998,-22.987,-28.994,-17.505]
c: 6, weight: [-38.979,-21.884,-31.294,-16.911]
c: 8, weight: [-42.121,-34.92 ,-15.616,-17.573]
c: 13, weight: [-43.051,-31.123,-20.259,-17.277]
c: 12, weight: [-42.985,-28.632,-23.199,-17.899]
c: 7, weight: [-41.305,-24.425,-27.739,-20.292]
c: 27, weight: [-40.961,-24.301,-28.026,-20.145]
c: 19, weight: [-42.218,-25.774,-25.155,-19.699]
c: 53, weight: [-40.866,-24.715,-27.498,-19.299]
c: 20, weight: [-41.08 ,-25.397,-27.402,-18.102]
c: 6, weight: [-41.855,-27.274,-24.999,-16.97 ]
c: 18, weight: [-40.347,-25.315,-28.058,-17.093]
c: 20, weight: [-39.336,-24.412,-30.408,-16.666]
c: 6, weight: [-39.361,-24.586,-30.522,-15.446]
c: 10, weight: [-40.923,-26.798,-26.263,-15.166]
c: 31, weight: [-40.893,-27.85 ,-24.86 ,-14.392]
c: 16, weight: [-40.678,-28.545,-23.983,-14.096]
c: 21, weight: [-40.078,-27.545,-26.196,-13.998]
c: 21, weight: [-37.686,-22.989,-31.185,-16.897]
c: 27, weight: [-41.292,-28.963,-21.093,-17.726]
c: 16, weight: [-41.13 ,-22.5  ,-29.45 ,-16.204]
c: 11, weight: [-39.54 ,-20.288,-32.569,-16.321]
c: 12, weight: [-43.236,-33.966,-14.989,-18.939]
c: 1, weight: [-42.341,-29.192,-19.832,-24.53 ]
c: 81, weight: [-42.861,-25.929,-22.922,-23.545]
c: 7, weight: [-42.617,-24.456,-24.341,-24.131]
c: 25, weight: [-43.277,-27.682,-20.535,-22.947]
c: 1, weight: [-43.606,-23.227,-25.107,-21.958]
c: 38, weight: [-41.575,-21.375,-28.119,-21.955]
c: 10, weight: [-39.557,-19.576,-31.077,-21.745]
c: 13, weight: [-39.333,-20.098,-31.481,-20.544]
c: 14, weight: [-38.589,-23.87 ,-29.868,-18.968]
c: 11, weight: [-38.585,-23.241,-30.509,-18.21 ]
c: 1, weight: [-37.365,-21.143,-33.704,-18.082]
c: 10, weight: [-38.085,-27.901,-27.864,-17.458]
c: 23, weight: [-37.567,-27.643,-28.705,-16.497]
c: 5, weight: [-40.406,-34.273,-18.22 ,-16.918]
